-4.974451919457715832e+01 6.195797235236629064e+01
-4.973705635807358760e+01 6.194928577279688398e+01
-4.972948886570775784e+01 6.194056143749918419e+01
-4.972182514793821184e+01 6.193181308498181181e+01
-4.971407307403264753e+01 6.192305386717911375e+01
-4.970623986763985158e+01 6.191429627007106262e+01
-4.969833203052139226e+01 6.190555204139194245e+01
-4.969035527543422148e+01 6.189683212592537842e+01
-4.968231446899577008e+01 6.188814660885711305e+01
-4.967421358520631713e+01 6.187950466762878676e+01
-4.966605567015817257e+01 6.187091453271131769e+01
-4.965784281832459612e+01 6.186238345768119729e+01
-4.964957616067804480e+01 6.185391769890151181e+01
-4.964125586472488294e+01 6.184552250493725722e+01
-4.963288114636250725e+01 6.183720211556717317e+01
-4.962445029327685120e+01 6.182895976994709741e+01
-4.961596069941808906e+01 6.182079772320627598e+01
-4.960740890992764207e+01 6.181271727053628240e+01
-4.959879067574172495e+01 6.180471877763391575e+01
-4.959010101696645023e+01 6.179680171617501117e+01
-4.958133429401122072e+01 6.178896470285764053e+01
-4.957248428538308360e+01 6.178120554050247648e+01
-4.956354427098334270e+01 6.177352125975329500e+01
-4.955450711970939182e+01 6.176590816006670082e+01
-4.954536538015137381e+01 6.175836184888223102e+01
-4.953611137319019520e+01 6.175087727809494709e+01
-4.952673728535263109e+01 6.174344877720672997e+01
-4.951723526185189428e+01 6.173607008280745845e+01
-4.950759749831894396e+01 6.172873436433376781e+01
-4.949781633029007821e+01 6.172143424636644937e+01
-4.948788431955421174e+01 6.171416182801728922e+01
-4.947779433648501879e+01 6.170690870015677376e+01
-4.946753963749955574e+01 6.169966596131614267e+01
-4.945711393680544887e+01 6.169242423309779610e+01
-4.944651147163308025e+01 6.168517367589090128e+01
-4.943572706020574259e+01 6.167790400563768571e+01
-4.942475615178788928e+01 6.167060451234240759e+01
-4.941359486827500547e+01 6.166326408097292244e+01
-4.940224003695023924e+01 6.165587121537500792e+01
-4.939068921422946090e+01 6.164841406578953809e+01
-4.937894070044063710e+01 6.164088046051967495e+01
-4.936699354592187916e+01 6.163325794223818122e+01
-4.935484754894752513e+01 6.162553380935580094e+01
-4.934250324615926075e+01 6.161769516277562531e+01
-4.932996189625399097e+01 6.160972895822180817e+01
-4.931722545766213273e+01 6.160162206415988351e+01
-4.930429656087126489e+01 6.159336132514345508e+01
-4.929117847594719848e+01 6.158493363025468170e+01
-4.927787507570389636e+01 6.157632598617782804e+01
-4.926439079489109929e+01 6.156752559437052241e+01
-4.925073058571518914e+01 6.155851993177603987e+01
-4.923689986999068680e+01 6.154929683453689648e+01
-4.922290448823792275e+01 6.153984458419960646e+01
-4.920875064608639349e+01 6.153015199591322926e+01
-4.919444485839149905e+01 6.152020850810342978e+01
-4.917999389150195810e+01 6.151000427305449847e+01
-4.916540470411300845e+01 6.149953024777089894e+01
-4.915068438710615339e+01 6.148877828443105642e+01
-4.913584010270999158e+01 6.147774121969328576e+01
-4.912087902322163302e+01 6.146641296207013738e+01
-4.910580826940977062e+01 6.145478857655295712e+01
-4.909063484859478876e+01 6.144286436564529197e+01
-4.907536559228625350e+01 6.143063794595266103e+01
-4.906000709316717945e+01 6.141810831947862681e+01
-4.904456564115663042e+01 6.140527593879433965e+01
-4.902904715826370108e+01 6.139214276528103653e+01
-4.901345713196983667e+01 6.137871231968954788e+01
-4.899780054694606690e+01 6.136498972431732568e+01
-4.898208181503089520e+01 6.135098173617653572e+01
-4.896630470356978293e+01 6.133669677063058145e+01
-4.895047226244556526e+01 6.132214491511746246e+01
-4.893458675038916539e+01 6.130733793273561361e+01
-4.891864956140503296e+01 6.129228925558828678e+01
-4.890266115233226429e+01 6.127701396780898335e+01
-4.888662097268267104e+01 6.126152877811369990e+01
-4.887052739798370737e+01 6.124585198160100674e+01
-4.885437766794046155e+01 6.123000341042808969e+01
-4.883816783082542656e+01 6.121400437297555186e+01
-4.882189269559073352e+01 6.119787758117243470e+01
-4.880554579325698228e+01 6.118164706575063860e+01
-4.878911934915522863e+01 6.116533807930600375e+01
-4.877260426758516587e+01 6.114897698715558505e+01
-4.875599013040547902e+01 6.113259114610948330e+01
-4.873926521098130138e+01 6.111620877143354846e+01
-4.872241650475253749e+01 6.109985879246745810e+01
-4.870542977744907631e+01 6.108357069757908420e+01
-4.868828963169868729e+01 6.106737436938370678e+01
-4.867097959250175165e+01 6.105129991143559209e+01
-4.865348221180890675e+01 6.103537746788190788e+01
-4.863577919222596080e+01 6.101963703780118919e+01
-4.861785152966857737e+01 6.100410828610557701e+01
-4.859967967458321425e+01 6.098882035301483029e+01
-4.858124371111016160e+01 6.097380166430146176e+01
-4.856252355324277659e+01 6.095907974481895053e+01
-4.854349915661190096e+01 6.094468103821053262e+01
-4.852415074403183581e+01 6.093063073598595025e+01
-4.850445904244826067e+01 6.091695261915132420e+01
-4.848440552847502261e+01 6.090366891521249926e+01
-4.846397267931543951e+01 6.089080017274573464e+01
-4.844314422554023736e+01 6.087836515500591617e+01
-4.842190540194025061e+01 6.086638075333696207e+01
-4.840024319249052098e+01 6.085486192052333365e+01
-4.837814656535506685e+01 6.084382162369524849e+01
-4.835560669383455235e+01 6.083327081594047314e+01
-4.833261715921777579e+01 6.082321842532726208e+01
-4.830917413164935681e+01 6.081367135960008596e+01
-4.828527652537172798e+01 6.080463452446656447e+01
-4.826092612503752832e+01 6.079611085330299147e+01
-4.823612768021440189e+01 6.078810134633201301e+01
-4.821088896571583859e+01 6.078060511773866637e+01
-4.818522080598817325e+01 6.077361944958344253e+01
-4.815913706246818293e+01 6.076713985168077414e+01
-4.813265458358674209e+01 6.076116012690506096e+01
-4.810579311788271184e+01 6.075567244166921199e+01
-4.807857519142243774e+01 6.075066740152652045e+01
-4.805102595132082399e+01 6.074613413195744727e+01
-4.802317297762210302e+01 6.074206036445825418e+01
-4.799504606616965674e+01 6.073843252805639992e+01
-4.796667698544022329e+01 6.073523584631673344e+01
-4.793809921068388746e+01 6.073245443977045710e+01
-4.790934763910582461e+01 6.073007143351700421e+01
-4.788045829023032240e+01 6.072806906953712769e+01
-4.785146799596103051e+01 6.072642882302095302e+01
-4.782241408513043268e+01 6.072513152176971829e+01
-4.779333406743469936e+01 6.072415746750834131e+01
-4.776426532151425874e+01 6.072348655780068327e+01
-4.773524479157000400e+01 6.072309840722064678e+01
-4.770630869638095106e+01 6.072297246648479074e+01
-4.767749225401393431e+01 6.072308813835315533e+01
-4.764882942495493978e+01 6.072342488922154047e+01
-4.762035267586732346e+01 6.072396235544910326e+01
-4.759209276569697522e+01 6.072468044358588202e+01
-4.756407855539804785e+01 6.072555942378551919e+01
-4.753633684214471344e+01 6.072658001580742848e+01
-4.750889221852300892e+01 6.072772346712939395e+01
-4.748176695686223781e+01 6.072897162280530381e+01
-4.745498091856556044e+01 6.073030698681240125e+01
-4.742855148803377574e+01 6.073171277473759488e+01
-4.740249353054296932e+01 6.073317295775245839e+01
-4.737681937323480952e+01 6.073467229792136379e+01
-4.735153880820590189e+01 6.073619637497539969e+01
-4.732665911653835877e+01 6.073773160476739008e+01
-4.730218511199586828e+01 6.073926524969890295e+01
-4.727811920301623161e+01 6.074078542147938720e+01
-4.725446147156110044e+01 6.074228107663982001e+01
-4.723120976733434162e+01 6.074374200527856260e+01
-4.720835981585057084e+01 6.074515881356585112e+01
-4.718590533882284888e+01 6.074652290057482418e+01
-4.716383818534167460e+01 6.074782643004215288e+01
-4.714214847233430561e+01 6.074906229768983223e+01
-4.712082473282227113e+01 6.075022409476162721e+01
-4.709985407053409290e+01 6.075130606844381020e+01
-4.707922231947775060e+01 6.075230307984983114e+01
-4.705891420713185624e+01 6.075321056025310185e+01
-4.703891351997374670e+01 6.075402446625160735e+01
-4.701920327012593503e+01 6.075474123454228703e+01
-4.699976586196717676e+01 6.075535773697348674e+01
-4.698058325762011833e+01 6.075587123652930899e+01
-4.696163714029199099e+01 6.075627934488205995e+01
-4.694290907450755412e+01 6.075657998212828659e+01
-4.692438066233267335e+01 6.075677133929993090e+01
-4.690603369474153794e+01 6.075685184421619311e+01
-4.688785029732964915e+01 6.075682013121363667e+01
-4.686981306961749283e+01 6.075667501526140768e+01
-4.685190521722681467e+01 6.075641547092398298e+01
-4.683411067624694368e+01 6.075604061655414512e+01
-4.681641422915122064e+01 6.075554970396984089e+01
-4.679880161167901775e+01 6.075494211371533737e+01
-4.678125961016610290e+01 6.075421735588003713e+01
-4.676377614887667988e+01 6.075337507637214429e+01
-4.674634036695587724e+01 6.075241506850549200e+01
-4.672894268467701551e+01 6.075133728973263914e+01
-4.671157485870420345e+01 6.075014188332355047e+01
-4.669423002613512352e+01 6.074882920471867465e+01
-4.667690273714136140e+01 6.074739985215157390e+01
-4.665958897609345257e+01 6.074585470093939676e+01
-4.664228617114842734e+01 6.074419494061692859e+01
-4.662499319238687434e+01 6.074242211389837109e+01
-4.660771033870940983e+01 6.074053815633262587e+01
-4.659043931382913684e+01 6.073854543547758311e+01
-4.657318319181833743e+01 6.073644678842939726e+01
-4.655594637277778247e+01 6.073424555657495461e+01
-4.653873452929454402e+01 6.073194561647930811e+01
-4.652155454443832383e+01 6.072955140587196610e+01
-4.650441444211727315e+01 6.072706794375753958e+01
-4.648732331067151335e+01 6.072450084374789014e+01
-4.647029122062647843e+01 6.072185631979477449e+01
-4.645332913755840565e+01 6.071914118359488555e+01
-4.643644883104087739e+01 6.071636283304296455e+01
-4.641966278064310814e+01 6.071352923122417877e+01
-4.640298407993893193e+01 6.071064887556443068e+01
-4.638642633945839577e+01 6.070773075689680809e+01
-4.637000358947221912e+01 6.070478430835467520e+01
-4.635373018344178320e+01 6.070181934416653036e+01
-4.633762070289420620e+01 6.069884598860594593e+01
-4.632168986439215530e+01 6.069587459554069397e+01
-4.630595242916101029e+01 6.069291565922932108e+01
-4.629042311581134328e+01 6.068997971723128160e+01
-4.627511651645134094e+01 6.068707724652764313e+01
-4.626004701632118099e+01 6.068421855419052946e+01
-4.624522871690086134e+01 6.068141366416960381e+01
-4.623067536224982632e+01 6.067867220192202637e+01
-4.621640026814488067e+01 6.067600327861861587e+01
-4.620241625341058977e+01 6.067341537649440397e+01
-4.618873557269726149e+01 6.067091623666365763e+01
-4.617536984986088555e+01 6.066851275050084524e+01
-4.616233001103561406e+01 6.066621085552449699e+01
-4.614962621646509433e+01 6.066401543655495487e+01
-4.613726779017866164e+01 6.066193023272657570e+01
-4.612526314666805405e+01 6.065995775076761021e+01
-4.611361971383577441e+01 6.065809918486479546e+01
-4.610234385163802528e+01 6.065635434339629484e+01
-4.609144076601715057e+01 6.065472158280621073e+01
-4.608091441789786558e+01 6.065319774888099147e+01
-4.607076742720273188e+01 6.065177812567107907e+01
-4.606100097202682520e+01 6.065045639228114993e+01
-4.605161468330150143e+01 6.064922458773430236e+01
-4.604260653547027715e+01 6.064807308411806019e+01
-4.603397273389139599e+01 6.064699056827306123e+01
-4.602570759986469540e+01 6.064596403239369238e+01
-4.601780345434956843e+01 6.064497877404389214e+01
-4.601025050159031338e+01 6.064401840625044571e+01
-4.600303671398615535e+01 6.064306487855171213e+01
-4.599614771962797022e+01 6.064209851012694230e+01
-4.598956669397477981e+01 6.064109803631974671e+01
-4.598327425716650652e+01 6.064004066994601061e+01
-4.597724837847241020e+01 6.063890217876268451e+01
-4.597146428936120799e+01 6.063765698037749274e+01
-4.596589440665287896e+01 6.063627825564050511e+01
-4.596050826718066418e+01 6.063473808110549612e+01
-4.595527247536311677e+01 6.063300758049993533e+01
-4.595015066506968537e+01 6.063105709441394708e+01
-4.594510347716370546e+01 6.062885636676073631e+01
-4.594008855412156578e+01 6.062637474607439714e+01
-4.593506055314614400e+01 6.062358139940395318e+01
-4.592997117920035066e+01 6.062044553638394717e+01
-4.592476923937051225e+01 6.061693664098182666e+01
-4.591940071992238614e+01 6.061302470845443224e+01
-4.591380888733620225e+01 6.060868048517719586e+01
-4.590793441450276902e+01 6.060387570915777644e+01
-4.590171553313202679e+01 6.059858334912571820e+01
-4.589508821326818833e+01 6.059277784008222056e+01
-4.588798637062010499e+01 6.058643531313642683e+01
-4.588034210220296671e+01 6.057953381739606868e+01
-4.587208595055305693e+01 6.057205353166411754e+01
-4.586314719653078242e+01 6.056397696374344974e+01
-4.585345418047394617e+01 6.055528913525531465e+01
-4.584293465120325806e+01 6.054597775002012838e+01
-4.583151614211059410e+01 6.053603334425893223e+01
-4.581912637327015858e+01 6.052544941717223992e+01
-4.580569367820204718e+01 6.051422254080980423e+01
-4.579114745359088801e+01 6.050235244853819694e+01
-4.577541862992448785e+01 6.048984210185339805e+01
-4.575844016067492959e+01 6.047669773576902941e+01
-4.574014752730347766e+01 6.046292888352841999e+01
-4.572047925703985527e+01 6.044854838190876478e+01
-4.569937745006853902e+01 6.043357235877790856e+01
-4.567678831243292592e+01 6.041802020467621759e+01
-4.565266269060787607e+01 6.040191453002706368e+01
-4.562695660326173197e+01 6.038528110926972658e+01
-4.559963176523542927e+01 6.036814881287656220e+01
-4.557065609824537233e+01 6.035054952790215310e+01
-4.554000422231772660e+01 6.033251806740514667e+01
-4.550765792152396472e+01 6.031409206875881779e+01
-4.547360657724277644e+01 6.029531188052128954e+01
-4.543784756194384045e+01 6.027622043720302969e+01
-4.540038658639144842e+01 6.025686312100515352e+01
-4.536123799320915850e+01 6.023728760945539307e+01
-4.532042498993478574e+01 6.021754370785512123e+01
-4.527797981503334057e+01 6.019768316554924326e+01
-4.523394383083065406e+01 6.017775947520505042e+01
-4.518836753798954220e+01 6.015782765451820779e+01
-4.514131050698088643e+01 6.013794401005588952e+01
-4.509284122300871900e+01 6.011816588330236755e+01
-4.504303684203080138e+01 6.009855137937331904e+01
-4.499198285686634335e+01 6.007915907928226318e+01
-4.493977267389445274e+01 6.006004773707002897e+01
-4.488650710252226617e+01 6.004127596356079977e+01
-4.483229376145313694e+01 6.002290189900399753e+01
-4.477724640782786025e+01 6.000498287740601455e+01
-4.472148419754102378e+01 5.998757508594268018e+01
-4.466513088733042025e+01 5.997073322343283053e+01
-4.460831399123735252e+01 5.995451016233144514e+01
-4.455116390522476166e+01 5.993895661890919513e+01
-4.449381301383962750e+01 5.992412083614323137e+01
-4.443639479201367237e+01 5.991004828342745014e+01
-4.437904291384737832e+01 5.989678137667304725e+01
-4.432189037884790395e+01 5.988435922182015503e+01
-4.426506866475816082e+01 5.987281738425508593e+01
-4.420870691490171822e+01 5.986218768612719288e+01
-4.415293116687899300e+01 5.985249803308094130e+01
-4.409786362842500296e+01 5.984377227145863998e+01
-4.404362200522547255e+01 5.983603007658359729e+01
-4.399031888449138705e+01 5.982928687229947684e+01
-4.393806117714688497e+01 5.982355378152036707e+01
-4.388694962060326077e+01 5.981883760714590181e+01
-4.383707834325927877e+01 5.981514084233020867e+01
-4.378853449109017504e+01 5.981246170877670210e+01
-4.374139791600448035e+01 5.981079422147106328e+01
-4.369574092510421792e+01 5.981012827806237198e+01
-4.365162808958439911e+01 5.981044977095407944e+01
-4.360911611170550373e+01 5.981174072006801623e+01
-4.356825374799210948e+01 5.981397942419143021e+01
-4.352908178650621807e+01 5.981714062880438831e+01
-4.349163307572876391e+01 5.982119570830899136e+01
-4.345593260230679533e+01 5.982611286063681888e+01
-4.342199761472024022e+01 5.983185731229472992e+01
-4.338983778979194739e+01 5.983839153201553529e+01
-4.335945543889098275e+01 5.984567545130653343e+01
-4.333084575064562216e+01 5.985366669033044218e+01
-4.330399706698280227e+01 5.986232078770692056e+01
-4.327889118933423873e+01 5.987159143298491415e+01
-4.325550371187934218e+01 5.988143070070278640e+01
-4.323380437870770265e+01 5.989178928512197331e+01
-4.321375746175917243e+01 5.990261673488873839e+01
-4.319532215632791150e+01 5.991386168704683257e+01
-4.317845299080875776e+01 5.992547209999190017e+01
-4.316310024725147088e+01 5.993739548512050419e+01
-4.314921038920915208e+01 5.994957913707113306e+01
-4.313672649334946385e+01 5.996197036256895530e+01
-4.312558868134911449e+01 5.997451670796036893e+01
-4.311573454870932665e+01 5.998716618554803404e+01
-4.310709958730153346e+01 5.999986749880749670e+01
-4.309961759867024966e+01 6.001257026648553961e+01
-4.309322109537803414e+01 6.002522524545239690e+01
-4.308784168796707803e+01 6.003778455200517783e+01
-4.308341045542128001e+01 6.005020188111925705e+01
-4.307985829732546534e+01 6.006243272298879532e+01
-4.307711626622372592e+01 6.007443457619717009e+01
-4.307511587897122496e+01 6.008616715704423683e+01
-4.307378940615497243e+01 6.009759260479008702e+01
-4.307307013893180425e+01 6.010867568264620786e+01
-4.307289263289414549e+01 6.011938397417740276e+01
-4.307319292882221617e+01 6.012968807443811414e+01
-4.307390875041563305e+01 6.013956177473782816e+01
-4.307497967931796268e+01 6.014898223944962297e+01
-4.307634730795591338e+01 6.015793017275874632e+01
-4.307795537090778026e+01 6.016638997271454770e+01
-4.307974985568804982e+01 6.017434986946233266e+01
-4.308167909397917583e+01 6.018180204423222079e+01
-4.308369383445101164e+01 6.018874272570128880e+01
-4.308574729838468897e+01 6.019517226073691774e+01
-4.308779521936407519e+01 6.020109515710947790e+01
-4.308979586832005992e+01 6.020652009635214341e+01
-4.309171006521690117e+01 6.021145991548417697e+01
-4.309350117866003416e+01 6.021593155680572096e+01
-4.309513511468504277e+01 6.021995598539118788e+01
-4.309658029595856021e+01 6.022355807421799767e+01
-4.309780763258480363e+01 6.022676645707700516e+01
-4.309879048566605775e+01 6.022961334958780810e+01
-4.309950462471294941e+01 6.023213433886607504e+01
-4.309992817994150727e+01 6.023436814270886686e+01
-4.310004159042976113e+01 6.023635633957778168e+01
-4.309982754903801094e+01 6.023814307114368205e+01
-4.309927094492499577e+01 6.023977471968704123e+01
-4.309835880441724498e+01 6.024129956318177648e+01
-4.309708023090956175e+01 6.024276741129458657e+01
-4.309542634438802367e+01 6.024422922562827409e+01
-4.309339022107230477e+01 6.024573672731866480e+01
-4.309096683357577717e+01 6.024734199482162467e+01
-4.308815299188381687e+01 6.024909705469116261e+01
-4.308494728535480789e+01 6.025105346840964415e+01
-4.308135002585328976e+01 6.025326191874102477e+01
-4.307736319202908248e+01 6.025577179946284900e+01
-4.307299037466069791e+01 6.025863081258027165e+01
-4.306823672288708593e+01 6.026188457719710811e+01
-4.306310889105772333e+01 6.026557625415403407e+01
-4.305761498583889590e+01 6.026974619043540571e+01
-4.305176451312668462e+01 6.027443158726173777e+01
-4.304556832424063373e+01 6.027966619569458828e+01
-4.303903856081071666e+01 6.028548004342795963e+01
-4.303218859772359650e+01 6.029189919625101624e+01
-4.302503298346417893e+01 6.029894555745742224e+01
-4.301758737717736381e+01 6.030663670814757182e+01
-4.300986848178843047e+01 6.031498579082831668e+01
-4.300189397255915935e+01 6.032400143799497982e+01
-4.299368242051824751e+01 6.033368774656459266e+01
-4.298525321028515833e+01 6.034404429815661786e+01
-4.297662645190539621e+01 6.035506622431387314e+01
-4.296782288643402836e+01 6.036674431486872550e+01
-4.295886378514691017e+01 6.037906516684846991e+01
-4.294977084242550092e+01 6.039201137064861058e+01
-4.294056606254954289e+01 6.040556172973667515e+01
-4.293127164083800551e+01 6.041969150985827497e+01
-4.292190983979551788e+01 6.043437271351113083e+01
-4.291250286114049572e+01 6.044957437528160682e+01
-4.290307271479958473e+01 6.046526287355953144e+01
-4.289364108613340676e+01 6.048140225426373462e+01
-4.288422920278596706e+01 6.049795456254661019e+01
-4.287485770260209961e+01 6.051488017892271642e+01
-4.286554650402609212e+01 6.053213815676745213e+01
-4.285631468029554014e+01 6.054968655857456383e+01
-4.284718033861234687e+01 6.056748278871904745e+01
-4.283816050533959441e+01 6.058548392075975642e+01
-4.282927101815682391e+01 6.060364701755320027e+01
-4.282052642600719139e+01 6.062192944264711514e+01
-4.281193989758161678e+01 6.064028916158466842e+01
-4.280352313900636574e+01 6.065868503187015648e+01
-4.279528632133571620e+01 6.067707708041176318e+01
-4.278723801840266816e+01 6.069542676726332786e+01
-4.277938515554307486e+01 6.071369723444800570e+01
-4.277173296967130511e+01 6.073185353857702751e+01
-4.276428498113909882e+01 6.074986286588074336e+01
-4.275704297775025964e+01 6.076769472814254414e+01
-4.275000701123706648e+01 6.078532113786609870e+01
-4.274317540643392732e+01 6.080271676082372778e+01
-4.273654478330201556e+01 6.081985904399901699e+01
-4.273011009184961750e+01 6.083672831697263916e+01
-4.272386465984966009e+01 6.085330786509544509e+01
-4.271780025309247009e+01 6.086958397328802306e+01
-4.271190714775258357e+01 6.088554593985269037e+01
-4.270617421430713279e+01 6.090118606019567693e+01
-4.270058901232088999e+01 6.091649958087396755e+01
-4.269513789530802939e+01 6.093148462497460827e+01
-4.268980612479220582e+01 6.094614209047450260e+01
-4.268457799261530283e+01 6.096047552377507373e+01
-4.267943695048484898e+01 6.097449097095704218e+01
-4.267436574569516949e+01 6.098819680949709721e+01
-4.266934656190355923e+01 6.100160356333804401e+01
-4.266436116379237120e+01 6.101472370435735115e+01
-4.265939104440496266e+01 6.102757144341888562e+01
-4.265441757391398880e+01 6.104016251426811124e+01
-4.264942214856823455e+01 6.105251395348913235e+01
-4.264438633856926231e+01 6.106464387956827977e+01
-4.263929203364849485e+01 6.107657127386889329e+01
-4.263412158514670125e+01 6.108831576609700420e+01
-4.262885794344349222e+01 6.109989742662046552e+01
-4.262348478964788967e+01 6.111133656771020384e+01
-4.261798666054037454e+01 6.112265355536710132e+01
-4.261234906584611792e+01 6.113386863294658724e+01
-4.260655859700980130e+01 6.114500175737682497e+01
-4.260060302673033306e+01 6.115607244841350365e+01
-4.259447139860422027e+01 6.116709965105643931e+01
-4.258815410632685428e+01 6.117810161092778287e+01
-4.258164296201742616e+01 6.118909576209685497e+01
-4.257493125335935247e+01 6.120009862663288658e+01
-4.256801378937212377e+01 6.121112572513702332e+01
-4.256088693473404305e+01 6.122219149759248324e+01
-4.255354863264679466e+01 6.123330923396168401e+01
-4.254599841627342727e+01 6.124449101398209905e+01
-4.253823740880643101e+01 6.125574765556948620e+01
-4.253026831224816107e+01 6.126708867118441049e+01
-4.252209538501925579e+01 6.127852223152321187e+01
-4.251372440855164569e+01 6.129005513599445010e+01
-4.250516264307407255e+01 6.130169278960840984e+01
-4.249641877286531155e+01 6.131343918608290267e+01
-4.248750284133949151e+01 6.132529689711324039e+01
-4.247842617643981100e+01 6.133726706785598282e+01
-4.246920130694337558e+01 6.134934941873729741e+01
-4.245984187040666313e+01 6.136154225372896320e+01
-4.245036251358996537e+01 6.137384247524864378e+01
-4.244077878628128531e+01 6.138624560582377399e+01
-4.243110702949811497e+01 6.139874581658822450e+01
-4.242136425908334729e+01 6.141133596257378002e+01
-4.241156804572654693e+01 6.142400762467387665e+01
-4.240173639243332815e+01 6.143675115814580323e+01
-4.239188761044569986e+01 6.144955574757111805e+01
-4.238204019460485483e+01 6.146240946825452767e+01
-4.237221269915912103e+01 6.147529935404315893e+01
-4.236242361505805576e+01 6.148821147146257715e+01
-4.235269124983849309e+01 6.150113099990107912e+01
-4.234303361129638432e+01 6.151404231734341721e+01
-4.233346829623445018e+01 6.152692909087861040e+01
-4.232401238563537760e+01 6.153977437093926994e+01
-4.231468234757252844e+01 6.155256068806687608e+01
-4.230549394900621962e+01 6.156527015099963762e+01
-4.229646217735512437e+01 6.157788454502012598e+01
-4.228760117244163297e+01 6.159038542970725416e+01
-4.227892416912769136e+01 6.160275423548541340e+01
-4.227044345069827358e+01 6.161497235867062727e+01
-4.226217031281632330e+01 6.162702125505689565e+01
-4.225411503767031007e+01 6.163888253236989101e+01
-4.224628687776770875e+01 6.165053804205693666e+01
-4.223869404869562771e+01 6.166196997088766096e+01
-4.223134373007092535e+01 6.167316093277268862e+01
-4.222424207383104999e+01 6.168409406113969595e+01
-4.221739421897106581e+01 6.169475310217756459e+01
-4.221080431181244563e+01 6.170512250924316078e+01
-4.220447553089693571e+01 6.171518753863940532e+01
-4.219841011563350008e+01 6.172493434675863710e+01
-4.219260939788337339e+01 6.173435008824774428e+01
-4.218707383574318470e+01 6.174342301443758174e+01
-4.218180304887507504e+01 6.175214257084129343e+01
-4.217679585482824933e+01 6.176049949209456003e+01
-4.217205030588880987e+01 6.176848589231062192e+01
-4.216756372607933656e+01 6.177609534852653184e+01
-4.216333274800766162e+01 6.178332297484549684e+01
-4.215935334934135881e+01 6.179016548509482476e+01
-4.215562088876370694e+01 6.179662124222656416e+01
-4.215213014135057534e+01 6.180269029309391726e+01
-4.214887533339552306e+01 6.180837438750752000e+01
-4.214585017679809908e+01 6.181367698064444482e+01
-4.214304790320888827e+01 6.181860321806807690e+01
-4.214046129818383690e+01 6.182315990285925977e+01
-4.213808273563370932e+01 6.182735544461765187e+01
-4.213590421286201604e+01 6.183119979036897007e+01
-4.213391738647100482e+01 6.183470433775871555e+01
-4.213211360938474570e+01 6.183788183131584759e+01
-4.213048396919781169e+01 6.184074624295140410e+01
-4.212901932801474203e+01 6.184331263816166313e+01
-4.212771036390576995e+01 6.184559702962193484e+01
-4.212654761407008408e+01 6.184761621999155068e+01
-4.212552151976702675e+01 6.184938763584377597e+01
-4.212462247304290486e+01 6.185092915475119213e+01
-4.212384086524289728e+01 6.185225892771521927e+01
-4.212316713725083872e+01 6.185339519928881913e+01
-4.212259183134142404e+01 6.185435612787695447e+01
-4.212210564445528860e+01 6.185515960881330244e+01
-4.212169948261705343e+01 6.185582310290334362e+01
-4.212136451611277010e+01 6.185636347316714989e+01
-4.212109223492839760e+01 6.185679683249088612e+01
