-4.993142472092262096e+01 6.125261427456192109e+01
-4.986930232840422406e+01 6.121136395921635653e+01
-4.980723540860740428e+01 6.117015224346552316e+01
-4.974541754499065149e+01 6.112912195464500797e+01
-4.968403373202983175e+01 6.108841202529881542e+01
-4.962325843451039020e+01 6.104815622641520889e+01
-4.956325376701531127e+01 6.100848197093249325e+01
-4.950416781450882553e+01 6.096950920193850010e+01
-4.944613311242374465e+01 6.093134937861474754e+01
-4.938926530292274464e+01 6.089410457169832114e+01
-4.933366198335264841e+01 6.085786667928982752e+01
-4.927940176322905330e+01 6.082271677322020764e+01
-4.922654354661423071e+01 6.078872458554980085e+01
-4.917512605628922984e+01 6.075594814354683848e+01
-4.912516761381484542e+01 6.072443355933091169e+01
-4.907666618551063920e+01 6.069421497741223703e+01
-4.902959969928822659e+01 6.066531468003095995e+01
-4.898392663183024354e+01 6.063774334682368305e+01
-4.893958686020749838e+01 6.061150046208074826e+01
-4.889650276697618381e+01 6.058657485987198754e+01
-4.885458058334067033e+01 6.056294539474975380e+01
-4.881371195117083062e+01 6.054058172357400736e+01
-4.877377568144964926e+01 6.051944518214171609e+01
-4.873463968405403790e+01 6.049948973873166125e+01
-4.869616304166183340e+01 6.048066300552792995e+01
-4.865819819895947518e+01 6.046290728832487815e+01
-4.862059323699062929e+01 6.044616065505676517e+01
-4.858319420130207078e+01 6.043035800455547246e+01
-4.854584745159158388e+01 6.041543211842616046e+01
-4.850840199998240365e+01 6.040131468082169164e+01
-4.847071180484162056e+01 6.038793725288103786e+01
-4.843263798716404978e+01 6.037523219043505662e+01
-4.839405093701451221e+01 6.036313349525557470e+01
-4.835483227852304111e+01 6.035157759169221237e+01
-4.831487666358351873e+01 6.034050402191168416e+01
-4.827409336674230644e+01 6.032985605398700812e+01
-4.823240765675303976e+01 6.031958119787831407e+01
-4.818976192388165458e+01 6.030963162520987453e+01
-4.814611654621405989e+01 6.029996448993805558e+01
-4.810145048285602343e+01 6.029054214858893346e+01
-4.805576158687546240e+01 6.028133228058920423e+01
-4.800906663589499601e+01 6.027230791105537833e+01
-4.796140108312577155e+01 6.026344733999111725e+01
-4.791281853614491837e+01 6.025473398306763784e+01
-4.786338997481617241e+01 6.024615613007693327e+01
-4.781320272354599865e+01 6.023770662786518670e+01
-4.776235919677521480e+01 6.022938249519356901e+01
-4.771097544038342875e+01 6.022118447763939031e+01
-4.765917949537986686e+01 6.021311655139150787e+01
-4.760710961343941960e+01 6.020518538556845556e+01
-4.755491235616739232e+01 6.019739977336757164e+01
-4.750274061136166637e+01 6.018977004277609666e+01
-4.745075155997638205e+01 6.018230745762797085e+01
-4.739910462684142090e+01 6.017502361945510359e+01
-4.734795944630695885e+01 6.016792987992050001e+01
-4.729747387095405742e+01 6.016103677272973727e+01
-4.724780204781102810e+01 6.015435347292562795e+01
-4.719909258283576747e+01 6.014788729053039873e+01
-4.715148681135930531e+01 6.014164320472797698e+01
-4.710511719005776854e+01 6.013562344422017958e+01
-4.706010582492928052e+01 6.012982711903357114e+01
-4.701656314961260819e+01 6.012424990887007681e+01
-4.697458676883647399e+01 6.011888381303962348e+01
-4.693426048213233770e+01 6.011371696697617040e+01
-4.689565350226985885e+01 6.010873353009288422e+01
-4.685881988047338353e+01 6.010391364900460331e+01
-4.682379814633883086e+01 6.009923349880512689e+01
-4.679061116525691943e+01 6.009466540326354789e+01
-4.675926621103867831e+01 6.009017803277168923e+01
-4.672975524690897942e+01 6.008573667692875375e+01
-4.670205540418188406e+01 6.008130358714380748e+01
-4.667612964465266856e+01 6.007683838389975506e+01
-4.665192758995544153e+01 6.007229852325700392e+01
-4.662938649883761144e+01 6.006763981713726963e+01
-4.660843237150990603e+01 6.006281700131482637e+01
-4.658898115893740766e+01 6.005778434385364761e+01
-4.657094005411538973e+01 6.005249628533708517e+01
-4.655420884198751708e+01 6.004690810088312247e+01
-4.653868128467102139e+01 6.004097657269714006e+01
-4.652424651900692254e+01 6.003466066093458409e+01
-4.651079044411647345e+01 6.002792216013009607e+01
-4.649819707759991161e+01 6.002072632844193123e+01
-4.648634986025452775e+01 6.001304247732537789e+01
-4.647513289070766263e+01 6.000484450983773144e+01
-4.646443207313626544e+01 5.999611139654069092e+01
-4.645413616323298100e+01 5.998682757890021833e+01
-4.644413769970881845e+01 5.997698329116580851e+01
-4.643433381083541889e+01 5.996657479296568738e+01
-4.642462688781254343e+01 5.995560450649811912e+01
-4.641492511912440477e+01 5.994408105453906188e+01
-4.640514288256029829e+01 5.993201919852256765e+01
-4.639520099425234179e+01 5.991943967915420188e+01
-4.638502681693417884e+01 5.990636896466481431e+01
-4.637455423262387200e+01 5.989283891355219680e+01
-4.636372348801879895e+01 5.987888635974026386e+01
-4.635248092397262809e+01 5.986455262902808983e+01
-4.634077860340916288e+01 5.984988299684739843e+01
-4.632857385478179424e+01 5.983492609871009904e+01
-4.631582875049519998e+01 5.981973330606869155e+01
-4.630250954129826368e+01 5.980435808127768382e+01
-4.628858606829428624e+01 5.978885532564049754e+01
-4.627403117375202868e+01 5.977328073407856834e+01
-4.625882013037214335e+01 5.975769016890690466e+01
-4.624293010634489320e+01 5.974213906375555894e+01
-4.622633968085653322e+01 5.972668186699193882e+01
-4.620902842203070549e+01 5.971137153216741211e+01
-4.619097653680446314e+01 5.969625906113991221e+01
-4.617216459994972411e+01 5.968139310373834405e+01
-4.615257336730675775e+01 5.966681961618910890e+01
-4.613218367625702143e+01 5.965258157900002089e+01
-4.611097643453253880e+01 5.963871877357870943e+01
-4.608893269662564052e+01 5.962526761558189037e+01
-4.606603382524366452e+01 5.961226104189487529e+01
-4.604226173336379446e+01 5.959972844726940622e+01
-4.601759920052526098e+01 5.958769566602195056e+01
-4.599203025520437649e+01 5.957618499379602639e+01
-4.596554061357919352e+01 5.956521524415632740e+01
-4.593811816370919132e+01 5.955480183462538690e+01
-4.590975348307566151e+01 5.954495689664408786e+01
-4.588044037653812524e+01 5.953568940386286101e+01
-4.585017642108471847e+01 5.952700531321745814e+01
-4.581896350327733103e+01 5.951890771344509545e+01
-4.578680833499466729e+01 5.951139697604336476e+01
-4.575372293302282145e+01 5.950447090415855911e+01
-4.571972504837582107e+01 5.949812487552659235e+01
-4.568483853206297596e+01 5.949235197637996464e+01
-4.564909362537915172e+01 5.948714312413076044e+01
-4.561252716464003498e+01 5.948248717755430448e+01
-4.557518269255665189e+01 5.947837103404309289e+01
-4.553711047103146825e+01 5.947477971422255649e+01
-4.549836739285995435e+01 5.947169643481061030e+01
-4.545901679236914816e+01 5.946910267107720927e+01
-4.541912815716965213e+01 5.946697821064024936e+01
-4.537877674475883083e+01 5.946530120064772973e+01
-4.533804310860458031e+01 5.946404819067382164e+01
-4.529701253863753152e+01 5.946319417391018192e+01
-4.525577442106521175e+01 5.946271262945160174e+01
-4.521442152249701252e+01 5.946257556863923810e+01
-4.517304920390079559e+01 5.946275358854157389e+01
-4.513175457109596778e+01 5.946321593574490549e+01
-4.509063557025778124e+01 5.946393058369742590e+01
-4.504979003895288514e+01 5.946486432688719503e+01
-4.500931472516034404e+01 5.946598289509670821e+01
-4.496930428830778936e+01 5.946725109080882987e+01
-4.492985029754375148e+01 5.946863295247538872e+01
-4.489104024332652898e+01 5.947009194576967417e+01
-4.485295657887215270e+01 5.947159118417038570e+01
-4.481567580791600136e+01 5.947309367935912405e+01
-4.477926763460666137e+01 5.947456262102198821e+01
-4.474379419036983307e+01 5.947596168471378064e+01
-4.470930935141547025e+01 5.947725536542006353e+01
-4.467585815916277170e+01 5.947840933331732316e+01
-4.464347635405803061e+01 5.947939080700725611e+01
-4.461219003093884794e+01 5.948016893823945850e+01
-4.458201542127496708e+01 5.948071520094899967e+01
-4.455295880448457524e+01 5.948100377649537052e+01
-4.452501654741027437e+01 5.948101192643415658e+01
-4.449817526826844727e+01 5.948072034393950247e+01
-4.447241211916165327e+01 5.948011347494723822e+01
-4.444769517960379090e+01 5.947917980013827588e+01
-4.442398395236162401e+01 5.947791206918589779e+01
-4.440122995210177947e+01 5.947630747945807883e+01
-4.437937737668126914e+01 5.947436779264629081e+01
-4.435836385032936136e+01 5.947209938448300193e+01
-4.433812122742147466e+01 5.946951322464610712e+01
-4.431857644506676763e+01 5.946662478590400269e+01
-4.429965241232560658e+01 5.946345388327627290e+01
-4.428126892353786559e+01 5.946002444539602294e+01
-4.426334358301333083e+01 5.945636422158177936e+01
-4.424579272829169696e+01 5.945250442964333359e+01
-4.422853233939262907e+01 5.944847935118844617e+01
-4.421147892197211604e+01 5.944432588284769992e+01
-4.419455035308796909e+01 5.944008305288529215e+01
-4.417766667936468394e+01 5.943579151279907080e+01
-4.416075085874095407e+01 5.943149301294946696e+01
-4.414372943867095955e+01 5.942722987059677564e+01
-4.412653316562253281e+01 5.942304443842195383e+01
-4.410909752295194863e+01 5.941897858159398282e+01
-4.409136319662885484e+01 5.941507317131026866e+01
-4.407327647055482345e+01 5.941136760216986801e+01
-4.405478955493012450e+01 5.940789933980794757e+01
-4.403586085188317867e+01 5.940470350419117551e+01
-4.401645516232049005e+01 5.940181249303793010e+01
-4.399654383702708316e+01 5.939925564903111166e+01
-4.397610487392953615e+01 5.939705897380357413e+01
-4.395512296241351180e+01 5.939524489105001948e+01
-4.393358947470348852e+01 5.939383206049691921e+01
-4.391150240351985445e+01 5.939283524379740697e+01
-4.388886624454178786e+01 5.939226522270168829e+01
-4.386569182171196246e+01 5.939212876911163619e+01
-4.384199605321958160e+01 5.939242866589244585e+01
-4.381780165615344913e+01 5.939316377660153989e+01
-4.379313678834893864e+01 5.939432916163540455e+01
-4.376803462685956703e+01 5.939591623778734686e+01
-4.374253288374863757e+01 5.939791297801284031e+01
-4.371667326150244293e+01 5.940030414837812600e+01
-4.369050085230629321e+01 5.940307157953730410e+01
-4.366406348766680878e+01 5.940619447029927613e+01
-4.363741104728519105e+01 5.940964972068609029e+01
-4.361059473845763534e+01 5.941341229136824609e+01
-4.358366635932917887e+01 5.941745558562971041e+01
-4.355667756078420894e+01 5.942175184919386055e+01
-4.352967912236280057e+01 5.942627258244907296e+01
-4.350272025720987301e+01 5.943098895896007150e+01
-4.347584795978864491e+01 5.943587224370285327e+01
-4.344910640821978376e+01 5.944089420423050996e+01
-4.342253643100057303e+01 5.944602750799788282e+01
-4.339617504577866924e+01 5.945124609942753580e+01
-4.337005507589901754e+01 5.945652555101595027e+01
-4.334420484857415801e+01 5.946184338369911870e+01
-4.331864797670771594e+01 5.946717935257253629e+01
-4.329340322468105740e+01 5.947251569479396949e+01
-4.326848445689870459e+01 5.947783733720790167e+01
-4.324390066657856124e+01 5.948313206202701764e+01
-4.321965608102830458e+01 5.948839062969376812e+01
-4.319575033837018907e+01 5.949360685863866394e+01
-4.317217872944515733e+01 5.949877766201908713e+01
-4.314893249760416438e+01 5.950390304180646694e+01
-4.312599918835588397e+01 5.950898604094434319e+01
-4.310336304035551791e+01 5.951403265478227667e+01
-4.308100540893163100e+01 5.951905170359139419e+01
-4.305890521325402176e+01 5.952405466865582184e+01
-4.303703939841042825e+01 5.952905549512756522e+01
-4.301538340416771433e+01 5.953407036542454023e+01
-4.299391163309753949e+01 5.953911744743079026e+01
-4.297259791202350243e+01 5.954421662217979616e+01
-4.295141594222413772e+01 5.954938919599951674e+01
-4.293033973512737589e+01 5.955465760208780068e+01
-4.290934403093842064e+01 5.956004509611933173e+01
-4.288840469762415353e+01 5.956557544992988795e+01
-4.286749910722680568e+01 5.957127264675351341e+01
-4.284660648605382249e+01 5.957716058092908185e+01
-4.282570823518327074e+01 5.958326276444282144e+01
-4.280478821797795064e+01 5.958960204221575907e+01
-4.278383301181120402e+01 5.959620031777915017e+01
-4.276283212182910631e+01 5.960307829090010756e+01
-4.274177815519843904e+01 5.961025520872278349e+01
-4.272066695486283550e+01 5.961774863199270413e+01
-4.269949769231468650e+01 5.962557421792396184e+01
-4.267827291923886435e+01 5.963374552129272388e+01
-4.265699857806637141e+01 5.964227381543166473e+01
-4.263568397153230194e+01 5.965116793495470660e+01
-4.261434169135961270e+01 5.966043414223473462e+01
-4.259298750627912966e+01 5.967007601986738052e+01
-4.257164020976950525e+01 5.968009439157712137e+01
-4.255032142811332818e+01 5.969048727425470702e+01
-4.252905538957998033e+01 5.970124986403463652e+01
-4.250786865579997453e+01 5.971237455949172812e+01
-4.248678981676571453e+01 5.972385102512032518e+01
-4.246584915142312866e+01 5.973566629820387419e+01
-4.244507825651214716e+01 5.974780494188125601e+01
-4.242450964716793038e+01 5.976024924652515580e+01
-4.240417633380430118e+01 5.977297948038175690e+01
-4.238411138092284602e+01 5.978597418883758507e+01
-4.236434745458971918e+01 5.979921053987020940e+01
-4.234491636618687238e+01 5.981266471141250918e+01
-4.232584862054728347e+01 5.982631231465039434e+01
-4.230717297677453814e+01 5.984012884575789570e+01
-4.228891603001786592e+01 5.985409015733432625e+01
-4.227110182221551327e+01 5.986817293990310418e+01
-4.225375148927240332e+01 5.988235520322474059e+01
-4.223688295131286452e+01 5.989661674676094805e+01
-4.222051065162579420e+01 5.991093960834053433e+01
-4.220464534878242802e+01 5.992530847999933030e+01
-4.218929396521060937e+01 5.993971108027455585e+01
-4.217445949430688046e+01 5.995413847303193222e+01
-4.216014096702684100e+01 5.996858532408200659e+01
-4.214633347788748097e+01 5.998305008816927142e+01
-4.213302826947696644e+01 5.999753512022618196e+01
-4.212021287382378176e+01 6.001204670601926239e+01
-4.210787130816051871e+01 6.002659500855098429e+01
-4.209598432161055825e+01 6.004119392806249778e+01
-4.208452968817396567e+01 6.005586087551995433e+01
-4.207348254024415013e+01 6.007061646212995498e+01
-4.206281573588963596e+01 6.008548411038428583e+01
-4.205250025236539102e+01 6.010048959481399322e+01
-4.204250559780133756e+01 6.011566052253740366e+01
-4.203280023274027144e+01 6.013102576468792648e+01
-4.202335199314808989e+01 6.014661485030885046e+01
-4.201412850669247234e+01 6.016245733495637893e+01
-4.200509759448036817e+01 6.017858215734302973e+01
-4.199622765103730160e+01 6.019501699851299747e+01
-4.198748799606640603e+01 6.021178765860867799e+01
-4.197884919240565438e+01 6.022891746589979789e+01
-4.197028332558492991e+01 6.024642673155081951e+01
-4.196176424146547390e+01 6.026433226200443016e+01
-4.195326773963710565e+01 6.028264693911332017e+01
-4.194477172156724976e+01 6.030137937617183752e+01
-4.193625629389870824e+01 6.032053365552653190e+01
-4.192770382860938838e+01 6.034010915046473400e+01
-4.191909898270729684e+01 6.036010043109080669e+01
-4.191042868056577220e+01 6.038049725170568394e+01
-4.190168206198843137e+01 6.040128461635431734e+01
-4.189285039887594309e+01 6.042244291955728386e+01
-4.188392698315097817e+01 6.044394816003654114e+01
-4.187490698846320214e+01 6.046577222560575393e+01
-4.186578730815200799e+01 6.048788324680685946e+01
-4.185656637198908214e+01 6.051024601526143698e+01
-4.184724394435095718e+01 6.053282246039280778e+01
-4.183782090666212383e+01 6.055557217586788710e+01
-4.182829902716733272e+01 6.057845298549071344e+01
-4.181868072131016589e+01 6.060142153752657634e+01
-4.180896880621084222e+01 6.062443391634243284e+01
-4.179916625296945654e+01 6.064744626067518141e+01
-4.178927594079646468e+01 6.067041537868615819e+01
-4.177930041729882049e+01 6.069329935085898597e+01
-4.176924166960316143e+01 6.071605811226685034e+01
-4.175910091132859492e+01 6.073865400563150274e+01
-4.174887839068496476e+01 6.076105229615457404e+01
-4.173857322508699497e+01 6.078322163865278327e+01
-4.172818326750127227e+01 6.080513448740094162e+01
-4.171770500915499724e+01 6.082676743959080312e+01
-4.170713352223213377e+01 6.084810150461321854e+01
-4.169646244489543108e+01 6.086912229344023473e+01
-4.168568400958893250e+01 6.088982012504273911e+01
-4.167478911425022403e+01 6.091019004965396277e+01
-4.166376743487629142e+01 6.093023179131295564e+01
-4.165260757686121451e+01 6.094994961423534363e+01
-4.164129726166912349e+01 6.096935211912891361e+01
-4.162982354473998470e+01 6.098845197658723549e+01
-4.161817306005227124e+01 6.100726560518075559e+01
-4.160633228647417070e+01 6.102581280193058433e+01
-4.159428783092271686e+01 6.104411633255048031e+01
-4.158202672342536488e+01 6.106220148812854376e+01
-4.156953671943530537e+01 6.108009561375467911e+01
-4.155680660517712255e+01 6.109782761311874566e+01
-4.154382650237422325e+01 6.111542743169081149e+01
-4.153058816938973763e+01 6.113292552013251679e+01
-4.151708529649383195e+01 6.115035227919689476e+01
-4.150331379346650351e+01 6.116773748759979412e+01
-4.148927206783751842e+01 6.118510971537333631e+01
-4.147496129164457557e+01 6.120249572708620178e+01
-4.146038565375019402e+01 6.121991988164054987e+01
-4.144555259372548051e+01 6.123740353750645227e+01
-4.143047301231215584e+01 6.125496447387164523e+01
-4.141516145266333382e+01 6.127261633936419827e+01
-4.139963624601052317e+01 6.129036814096311758e+01
-4.138391961512854067e+01 6.130822378639779657e+01
-4.136803772895677156e+01 6.132618169354807236e+01
-4.135202070194879553e+01 6.134423448004903179e+01
-4.133590253212997823e+01 6.136236874559540411e+01
-4.131972097244463527e+01 6.138056495836143256e+01
-4.130351733080046017e+01 6.139879745538134159e+01
-4.128733619530736121e+01 6.141703456460857780e+01
-4.127122508260622169e+01 6.143523885377690874e+01
-4.125523400893855808e+01 6.145336750813586235e+01
-4.123941498574649245e+01 6.147137283551779774e+01
-4.122382144407496440e+01 6.148920289313218746e+01
-4.120850759476823555e+01 6.150680222644730577e+01
-4.119352773426761871e+01 6.152411270695115775e+01
-4.117893550853858642e+01 6.154107445261075071e+01
-4.116478314998826704e+01 6.155762681248082657e+01
-4.115112070383862175e+01 6.157370939525087294e+01
-4.113799526114311789e+01 6.158926312062681063e+01
-4.112545021561058434e+01 6.160423127218420802e+01
-4.111352456085867146e+01 6.161856053049888970e+01
-4.110225224380805997e+01 6.163220196582916799e+01
-4.109166158876335828e+01 6.164511197029696632e+01
-4.108177480544618732e+01 6.165725311030579547e+01
-4.107260759292812935e+01 6.166859488084801910e+01
-4.106416884998238004e+01 6.167911434451874442e+01
-4.105646050066582831e+01 6.168879663960947823e+01
-4.104947744187898451e+01 6.169763534365579716e+01
-4.104320761733924883e+01 6.170563268119835243e+01
-4.103763222003939148e+01 6.171279956712511705e+01
-4.103272602296882354e+01 6.171915547955958203e+01
-4.102845783566078097e+01 6.172472815862521855e+01
-4.102479108194310697e+01 6.172955312950739426e+01
-4.102168449202952161e+01 6.173367305031286634e+01
-4.101909289968313033e+01 6.173713688780420483e+01